0.703479 0.0951534 0.0928099
0.061083 0.772839 0.692336
0.118127 0.468163 0.318529 0.993441
0.476047 0.13985 0.138881
0.0242514 0.96069 0.0892145 0.433242
0.962551 0.0794934 0.355658
0.996555 0.0973709 0.705962 0.756933
0.409441 0.852086 0.40344
0.913169 0.176279 0.78982 0.988947
0.257984 0.307476 0.287847
0.783523 0.427697 0.810451
0.451948 0.771141 0.916515
0.190124 0.879066 0.964683
0.921 0.961239 0.643153
0.718171 0.953783 0.0364033
0.357223 0.133887 0.483426
0.923707 0.472373 0.827909
0.779849 0.115755 0.85326
0.543452 0.663711 0.390673
0.434852 0.307188 0.88059
0.186254 0.845273 0.170759
0.806512 0.813912 0.734216
0.767696 0.770619 0.0949399
0.904506 0.578366 0.658422
0.0507391 0.48633 0.00990423
0.602085 0.863165 0.39396
0.526876 0.784633 0.140937
0.0918211 0.0215261 0.586705
0.866799 0.757464 0.385329
0.571376 0.119544 0.197993
0.890163 0.292933 0.463991
0.871299 0.122413 0.622883
0.608743 0.632787 0.752627
0.495951 0.146587 0.356366
0.93122 0.497302 0.984555 0.0230414
0.57126 0.301116 0.385627
0.686445 0.058938 0.9001
0.256931 0.239172 0.696152
0.703162 0.490822 0.421164
0.113704 0.343202 0.434318
0.095829 0.645147 0.242442
0.00151255 0.265269 0.173636
0.249825 0.196678 0.0176429
0.497794 0.40327 0.149809
0.462208 0.0499087 0.990229
0.28908 0.686381 0.269004
0.177203 0.690168 0.817818
0.0333709 0.252136 0.0373976
0.897283 0.27984 0.371616
0.545109 0.545252 0.397611
0.74193 0.415254 0.616019
0.818524 0.765828 0.423963
0.815737 0.414192 0.999872
0.100573 0.268876 0.0970596
0.959045 0.914878 0.568682
0.167014 0.60608 0.121616
0.88592 0.493232 0.963093 0.431029
0.360704 0.225963 0.780414 0.775957
0.0201382 0.594481 0.60781
0.875213 0.423547 0.858294
0.528364 0.958866 0.143962
0.236642 0.103006 0.540301
0.0954222 0.707315 0.411404
0.771612 0.297324 0.71027
0.728353 0.748753 0.0954095
0.529167 0.871367 0.796299
0.465848 0.40411 0.993407
0.827657 0.851701 0.216146
0.810567 0.360108 0.981444
0.463114 0.521745 0.852534 0.558537
0.263938 0.775575 0.000673023
0.485844 0.735379 0.289615
0.830788 0.243931 0.763765
0.0402305 0.313071 0.168003
0.306478 0.509064 0.271997
0.725211 0.628017 0.968746
0.609462 0.0159557 0.548433 0.131207
0.10697 0.360268 0.132427
0.360941 0.693689 0.368388
0.983304 0.602986 0.927107 0.227235
0.629262 0.267466 0.679822
0.711806 0.9863 0.30633
0.144479 0.0315402 0.61182
0.116859 0.221282 0.129181
0.352489 0.99767 0.772262
0.130097 0.654806 0.0736966
0.0231948 0.170016 0.807089
0.0971234 0.0343245 0.992932
0.30179 0.672754 0.523651
0.659053 0.829981 0.997398 0.803532
0.609218 0.916757 0.97838
0.0459376 0.643672 0.182988
0.415934 0.895744 0.173704 0.0707406
0.99749 0.0939354 0.139457
0.720116 0.23658 0.838904
0.962966 0.140694 0.385802
0.15429 0.0448549 0.316598
0.848387 0.178119 0.760907
0.156499 0.591407 0.811082
0.774395 0.854689 0.216106
